0 500
20
0 0 0 0 10 0 20 0 30 10 35 20 25 40 0 15
0 0 0 0 10 0 20 0 30 10 35 20 25 40 0 15
0 0 0 0 10 0 20 0 30 10 35 20 25 40 0 15
0 0 0 0 10 0 20 0 30 10 35 20 25 40 0 15
0 0 0 0 10 0 20 0 30 10 35 20 25 40 0 15
0 0 0 0 10 0 20 0 30 10 35 20 25 40 0 15
0 0 0 0 10 0 20 0 30 10 35 20 25 40 0 15
0 0 0 0 10 0 20 0 30 10 35 20 25 40 0 15
0 0 0 0 10 0 20 0 30 10 35 20 25 40 0 15
0 0 0 0 10 0 20 0 30 10 35 20 25 40 0 15
0 0 0 0 10 0 20 0 30 10 35 20 25 40 0 15
0 0 0 0 10 0 20 0 30 10 35 20 25 40 0 15
0 0 0 0 10 0 20 0 30 10 35 20 25 40 0 15
0 0 0 0 10 0 20 0 30 10 35 20 25 40 0 15
0 0 0 0 10 0 20 0 30 10 35 20 25 40 0 15
0 0 0 0 10 0 20 0 30 10 35 20 25 40 0 15
0 0 0 0 10 0 20 0 30 10 35 20 25 40 0 15
0 0 0 0 10 0 20 0 30 10 35 20 25 40 0 15
0 0 0 0 10 0 20 0 30 10 35 20 25 40 0 15
0 0 0 0 10 0 20 0 30 10 35 20 25 40 0 15
0 0 0 0 10 0 20 0 30 10 35 20 25 40 0 15
0 0 0 0 10 0 20 0 30 10 35 20 25 40 0 15
0 0 0 0 10 0 20 0 30 10 35 20 25 40 0 15
0 0 0 0 10 0 20 0 30 10 35 20 25 40 0 15
0 0 0 0 10 0 20 0 30 10 35 20 25 40 0 15
0 0 0 0 10 0 20 0 30 10 35 20 25 40 0 15
0 0 0 0 10 0 20 0 30 10 35 20 25 40 0 15
0 0 0 0 10 0 20 0 30 10 35 20 25 40 0 15
0 0 0 0 10 0 20 0 30 10 35 20 25 40 0 15
0 0 0 0 10 0 20 0 30 10 35 20 25 40 0 15
0 0 0 0 10 0 20 0 30 10 35 20 25 40 0 15
0 0 0 0 10 0 20 0 30 10 35 20 25 40 0 15
0 0 0 0 10 0 20 0 30 10 35 20 25 40 0 15
0 0 0 0 10 0 20 0 30 10 35 20 25 40 0 15
0 0 0 0 10 0 20 0 30 10 35 20 25 40 0 15
0 0 0 0 10 0 20 0 30 10 35 20 25 40 0 15
0 0 0 0 10 0 20 0 30 10 35 20 25 40 0 15
0 0 0 0 10 0 20 0 30 10 35 20 25 40 0 15
0 0 0 0 10 0 20 0 30 10 35 20 25 40 0 15
0 0 0 0 10 0 20 0 30 10 35 20 25 40 0 15
0 0 0 0 10 0 20 0 30 10 35 20 25 40 0 15
0 0 0 0 10 0 20 0 30 10 35 20 25 40 0 15
0 0 0 0 10 0 20 0 30 10 35 20 25 40 0 15
0 0 0 0 10 0 20 0 30 10 35 20 25 40 0 15
0 0 0 0 10 0 20 0 30 10 35 20 25 40 0 15
0 0 0 0 10 0 20 0 30 10 35 20 25 40 0 15
0 0 0 0 10 0 20 0 30 10 35 20 25 40 0 15
0 0 0 0 10 0 20 0 30 10 35 20 25 40 0 15
0 0 0 0 10 0 20 0 30 10 35 20 25 40 0 15
0 0 0 0 10 0 20 0 30 10 35 20 25 40 0 15
0 0 0 0 10 0 20 0 30 10 35 20 25 40 0 15
0 0 0 0 10 0 20 0 30 10 35 20 25 40 0 15
0 0 0 0 10 0 20 0 30 10 35 20 25 40 0 15
0 0 0 0 10 0 20 0 30 10 35 20 25 40 0 15
0 0 0 0 10 0 20 0 30 10 35 20 25 40 0 15
0 0 0 0 10 0 20 0 30 10 35 20 25 40 0 15
0 0 0 0 10 0 20 0 30 10 35 20 25 40 0 15
0 0 0 0 10 0 20 0 30 10 35 20 25 40 0 15
0 0 0 0 10 0 20 0 30 10 35 20 25 40 0 15
0 0 0 0 10 0 20 0 30 10 35 20 25 40 0 15
0 0 0 0 10 0 20 0 30 10 35 20 25 40 0 15
0 0 0 0 10 0 20 0 30 10 35 20 25 40 0 15
0 0 0 0 10 0 20 0 30 10 35 20 25 40 0 15
0 0 0 0 10 0 20 0 30 10 35 20 25 40 0 15
0 0 0 0 10 0 20 0 30 10 35 20 25 40 0 15
0 0 0 0 10 0 20 0 30 10 35 20 25 40 0 15
0 0 0 0 10 0 20 0 30 10 35 20 25 40 0 15
0 0 0 0 10 0 20 0 30 10 35 20 25 40 0 15
0 0 0 0 10 0 20 0 30 10 35 20 25 40 0 15
0 0 0 0 10 0 20 0 30 10 35 20 25 40 0 15
0 0 0 0 10 0 20 0 30 10 35 20 25 40 0 15
0 0 0 0 10 0 20 0 30 10 35 20 25 40 0 15
0 0 0 0 10 0 20 0 30 10 35 20 25 40 0 15
0 0 0 0 10 0 20 0 30 10 35 20 25 40 0 15
0 0 0 0 10 0 20 0 30 10 35 20 25 40 0 15
0 0 0 0 10 0 20 0 30 10 35 20 25 40 0 15
0 0 0 0 10 0 20 0 30 10 35 20 25 40 0 15
0 0 0 0 10 0 20 0 30 10 35 20 25 40 0 15
0 0 0 0 10 0 20 0 30 10 35 20 25 40 0 15
0 0 0 0 10 0 20 0 30 10 35 20 25 40 0 15
0 0 0 0 10 0 20 0 30 10 35 20 25 40 0 15
0 0 0 0 10 0 20 0 30 10 35 20 25 40 0 15
0 0 0 0 10 0 20 0 30 10 35 20 25 40 0 15
0 0 0 0 10 0 20 0 30 10 35 20 25 40 0 15
0 0 0 0 10 0 20 0 30 10 35 20 25 40 0 15
0 0 0 0 10 0 20 0 30 10 35 20 25 40 0 15
0 0 0 0 10 0 20 0 30 10 35 20 25 40 0 15
0 0 0 0 10 0 20 0 30 10 35 20 25 40 0 15
0 0 0 0 10 0 20 0 30 10 35 20 25 40 0 15
0 0 0 0 10 0 20 0 30 10 35 20 25 40 0 15
0 0 0 0 10 0 20 0 30 10 35 20 25 40 0 15
0 0 0 0 10 0 20 0 30 10 35 20 25 40 0 15
0 0 0 0 10 0 20 0 30 10 35 20 25 40 0 15
0 0 0 0 10 0 20 0 30 10 35 20 25 40 0 15
0 0 0 0 10 0 20 0 30 10 35 20 25 40 0 15
0 0 0 0 10 0 20 0 30 10 35 20 25 40 0 15
0 0 0 0 10 0 20 0 30 10 35 20 25 40 0 15
0 0 0 0 10 0 20 0 30 10 35 20 25 40 0 15
0 0 0 0 10 0 20 0 30 10 35 20 25 40 0 15
0 0 0 0 10 0 20 0 30 10 35 20 25 40 0 15

0 0 0 0 100 0 0 100
0 0 0 0 100 0 0 100
0 0 0 0 100 10 150 50 100 100
0 0 100 0 100 80 0 80
0 0 0 0 10 0 20 0 30 10 35 20 25 40 0 15
0 0 10 0 20 0 30 10 35 20 25 40 0 15
0 0 10 0 20 0 30 10 35 20 25 40 0 15
0 0 0 0 100 0 100 100 0 100
0 0 0 0 100 0 0 100
0 0 0 0 100 0 0 100
0 0 0 0 100 10 150 50 100 100
0 0 100 0 100 80 0 80
0 0 0 0 10 0 20 0 30 10 35 20 25 40 0 15
0 0 10 0 20 0 30 10 35 20 25 40 0 15
0 0 10 0 20 0 30 10 35 20 25 40 0 15
0 0 0 0 100 0 100 100 0 100